60
1 16 3 6 2 2 0.001
1 32 16 3 2 1 0.001
1 16 32 1 1 0 0.001
1 16 16 1 1 0 0.001
1 16 16 3 1 1 0.001
1 16 32 1 1 0 0.001
1 32 32 1 1 0 0.001
1 64 32 3 2 1 0.001
1 32 64 1 1 0 0.001
1 32 32 1 1 0 0.001
1 32 32 3 1 1 0.001
1 32 32 1 1 0 0.001
1 32 32 3 1 1 0.001
1 32 64 1 1 0 0.001
1 64 64 1 1 0 0.001
1 128 64 3 2 1 0.001
1 64 128 1 1 0 0.001
1 64 64 1 1 0 0.001
1 64 64 3 1 1 0.001
1 64 64 1 1 0 0.001
1 64 64 3 1 1 0.001
1 64 64 1 1 0 0.001
1 64 64 3 1 1 0.001
1 64 128 1 1 0 0.001
1 128 128 1 1 0 0.001
1 256 128 3 2 1 0.001
1 128 256 1 1 0 0.001
1 128 128 1 1 0 0.001
1 128 128 3 1 1 0.001
1 128 256 1 1 0 0.001
1 256 256 1 1 0 0.001
1 128 256 1 1 0 0.001
1 256 512 1 1 0 0.001
1 128 256 1 1 0 0.001
1 64 256 1 1 0 0.001
1 64 64 1 1 0 0.001
1 64 64 3 1 1 0.001
1 64 256 1 1 0 0.001
1 128 128 1 1 0 0.001
1 64 128 1 1 0 0.001
1 32 128 1 1 0 0.001
1 32 32 1 1 0 0.001
1 32 32 3 1 1 0.001
1 32 128 1 1 0 0.001
1 64 64 1 1 0 0.001
1 64 64 3 2 1 0.001
1 64 128 1 1 0 0.001
1 64 64 1 1 0 0.001
1 64 64 3 1 1 0.001
1 64 128 1 1 0 0.001
1 128 128 1 1 0 0.001
1 128 128 3 2 1 0.001
1 128 256 1 1 0 0.001
1 128 128 1 1 0 0.001
1 128 128 3 1 1 0.001
1 128 256 1 1 0 0.001
1 256 256 1 1 0 0.001
0 255 64 1 1 0 0
0 255 128 1 1 0 0
0 255 256 1 1 0 0
