82
1 48 3 6 2 2 0.001
1 96 48 3 2 1 0.001
1 48 96 1 1 0 0.001
1 48 48 1 1 0 0.001
1 48 48 3 1 1 0.001
1 48 48 1 1 0 0.001
1 48 48 3 1 1 0.001
1 48 96 1 1 0 0.001
1 96 96 1 1 0 0.001
1 192 96 3 2 1 0.001
1 96 192 1 1 0 0.001
1 96 96 1 1 0 0.001
1 96 96 3 1 1 0.001
1 96 96 1 1 0 0.001
1 96 96 3 1 1 0.001
1 96 96 1 1 0 0.001
1 96 96 3 1 1 0.001
1 96 96 1 1 0 0.001
1 96 96 3 1 1 0.001
1 96 192 1 1 0 0.001
1 192 192 1 1 0 0.001
1 384 192 3 2 1 0.001
1 192 384 1 1 0 0.001
1 192 192 1 1 0 0.001
1 192 192 3 1 1 0.001
1 192 192 1 1 0 0.001
1 192 192 3 1 1 0.001
1 192 192 1 1 0 0.001
1 192 192 3 1 1 0.001
1 192 192 1 1 0 0.001
1 192 192 3 1 1 0.001
1 192 192 1 1 0 0.001
1 192 192 3 1 1 0.001
1 192 192 1 1 0 0.001
1 192 192 3 1 1 0.001
1 192 384 1 1 0 0.001
1 384 384 1 1 0 0.001
1 768 384 3 2 1 0.001
1 384 768 1 1 0 0.001
1 384 384 1 1 0 0.001
1 384 384 3 1 1 0.001
1 384 384 1 1 0 0.001
1 384 384 3 1 1 0.001
1 384 768 1 1 0 0.001
1 768 768 1 1 0 0.001
1 384 768 1 1 0 0.001
1 768 1536 1 1 0 0.001
1 384 768 1 1 0 0.001
1 192 768 1 1 0 0.001
1 192 192 1 1 0 0.001
1 192 192 3 1 1 0.001
1 192 192 1 1 0 0.001
1 192 192 3 1 1 0.001
1 192 768 1 1 0 0.001
1 384 384 1 1 0 0.001
1 192 384 1 1 0 0.001
1 96 384 1 1 0 0.001
1 96 96 1 1 0 0.001
1 96 96 3 1 1 0.001
1 96 96 1 1 0 0.001
1 96 96 3 1 1 0.001
1 96 384 1 1 0 0.001
1 192 192 1 1 0 0.001
1 192 192 3 2 1 0.001
1 192 384 1 1 0 0.001
1 192 192 1 1 0 0.001
1 192 192 3 1 1 0.001
1 192 192 1 1 0 0.001
1 192 192 3 1 1 0.001
1 192 384 1 1 0 0.001
1 384 384 1 1 0 0.001
1 384 384 3 2 1 0.001
1 384 768 1 1 0 0.001
1 384 384 1 1 0 0.001
1 384 384 3 1 1 0.001
1 384 384 1 1 0 0.001
1 384 384 3 1 1 0.001
1 384 768 1 1 0 0.001
1 768 768 1 1 0 0.001
0 255 192 1 1 0 0
0 255 384 1 1 0 0
0 255 768 1 1 0 0
