104
1 64 3 6 2 2 0.001
1 128 64 3 2 1 0.001
1 64 128 1 1 0 0.001
1 64 64 1 1 0 0.001
1 64 64 3 1 1 0.001
1 64 64 1 1 0 0.001
1 64 64 3 1 1 0.001
1 64 64 1 1 0 0.001
1 64 64 3 1 1 0.001
1 64 128 1 1 0 0.001
1 128 128 1 1 0 0.001
1 256 128 3 2 1 0.001
1 128 256 1 1 0 0.001
1 128 128 1 1 0 0.001
1 128 128 3 1 1 0.001
1 128 128 1 1 0 0.001
1 128 128 3 1 1 0.001
1 128 128 1 1 0 0.001
1 128 128 3 1 1 0.001
1 128 128 1 1 0 0.001
1 128 128 3 1 1 0.001
1 128 128 1 1 0 0.001
1 128 128 3 1 1 0.001
1 128 128 1 1 0 0.001
1 128 128 3 1 1 0.001
1 128 256 1 1 0 0.001
1 256 256 1 1 0 0.001
1 512 256 3 2 1 0.001
1 256 512 1 1 0 0.001
1 256 256 1 1 0 0.001
1 256 256 3 1 1 0.001
1 256 256 1 1 0 0.001
1 256 256 3 1 1 0.001
1 256 256 1 1 0 0.001
1 256 256 3 1 1 0.001
1 256 256 1 1 0 0.001
1 256 256 3 1 1 0.001
1 256 256 1 1 0 0.001
1 256 256 3 1 1 0.001
1 256 256 1 1 0 0.001
1 256 256 3 1 1 0.001
1 256 256 1 1 0 0.001
1 256 256 3 1 1 0.001
1 256 256 1 1 0 0.001
1 256 256 3 1 1 0.001
1 256 256 1 1 0 0.001
1 256 256 3 1 1 0.001
1 256 512 1 1 0 0.001
1 512 512 1 1 0 0.001
1 1024 512 3 2 1 0.001
1 512 1024 1 1 0 0.001
1 512 512 1 1 0 0.001
1 512 512 3 1 1 0.001
1 512 512 1 1 0 0.001
1 512 512 3 1 1 0.001
1 512 512 1 1 0 0.001
1 512 512 3 1 1 0.001
1 512 1024 1 1 0 0.001
1 1024 1024 1 1 0 0.001
1 512 1024 1 1 0 0.001
1 1024 2048 1 1 0 0.001
1 512 1024 1 1 0 0.001
1 256 1024 1 1 0 0.001
1 256 256 1 1 0 0.001
1 256 256 3 1 1 0.001
1 256 256 1 1 0 0.001
1 256 256 3 1 1 0.001
1 256 256 1 1 0 0.001
1 256 256 3 1 1 0.001
1 256 1024 1 1 0 0.001
1 512 512 1 1 0 0.001
1 256 512 1 1 0 0.001
1 128 512 1 1 0 0.001
1 128 128 1 1 0 0.001
1 128 128 3 1 1 0.001
1 128 128 1 1 0 0.001
1 128 128 3 1 1 0.001
1 128 128 1 1 0 0.001
1 128 128 3 1 1 0.001
1 128 512 1 1 0 0.001
1 256 256 1 1 0 0.001
1 256 256 3 2 1 0.001
1 256 512 1 1 0 0.001
1 256 256 1 1 0 0.001
1 256 256 3 1 1 0.001
1 256 256 1 1 0 0.001
1 256 256 3 1 1 0.001
1 256 256 1 1 0 0.001
1 256 256 3 1 1 0.001
1 256 512 1 1 0 0.001
1 512 512 1 1 0 0.001
1 512 512 3 2 1 0.001
1 512 1024 1 1 0 0.001
1 512 512 1 1 0 0.001
1 512 512 3 1 1 0.001
1 512 512 1 1 0 0.001
1 512 512 3 1 1 0.001
1 512 512 1 1 0 0.001
1 512 512 3 1 1 0.001
1 512 1024 1 1 0 0.001
1 1024 1024 1 1 0 0.001
0 255 256 1 1 0 0
0 255 512 1 1 0 0
0 255 1024 1 1 0 0
